995645;996406;996654;996755;996573;994283
995221;995954;996114;996023;995629;993337
995208;995831;996058;996164;996326;996394
995735;996441;996836;997196;997570;997971
996056;996752;997205;997601;997993;998358
996248;996978;997383;997781;998145;998480
996380;997051;997441;997780;998138;998460
996380;997149;997562;997950;998271;998603
996467;996893;997006;996828;996561;994377
996427;996844;996939;996729;996047;991471
996550;996988;997195;997282;997186;996985
996710;997127;997374;997578;997626;997608
996718;997073;997324;997567;997682;997761
996877;997260;997541;997817;998011;998180
997007;997371;997645;997948;998136;998338
997007;997458;997746;998047;998247;998438
999570;999673;999736;999778;999816;999848
999573;999675;999739;999785;999819;999853
999578;999678;999741;999787;999821;999857
999582;999681;999739;999783;999820;999851
999582;999684;999746;999775;999791;999818
999582;999684;999746;999792;999817;999815
999582;999684;999746;999792;999829;999863
999582;999684;999746;999792;999829;999864
994120;995313;995586;995626;995355;994299
993856;995052;995262;995010;993869;991594
993828;994916;995251;995317;995284;996074
994244;995426;995875;996184;996656;997475
994476;995692;996166;996568;997086;997798
994650;995879;996340;996782;997287;997937
994765;995954;996345;996753;997244;997898
994858;996112;996519;996961;997466;998074
924603;913554;886152;841118;784391;692474
947085;938961;918861;894385;857309;816153
965253;957936;944132;926814;906608;877460
981897;973197;962115;951017;937656;920327
992225;987205;977552;968146;959833;949070
996090;994878;990991;983749;975048;967604
996380;997100;996562;994036;988880;981414
996380;997149;997610;997575;996486;992246
972365;951116;831241;723550;683732;689587
982161;977171;954091;835286;732199;713457
991519;985753;979292;957858;848967;767473
995003;993547;988138;982035;965460;886948
996490;996094;994739;991013;984727;976775
996946;997189;996731;996004;993199;987745
997007;997425;997592;997428;996774;994874
997007;997458;997788;997992;997909;997415
998272;997954;997293;993028;919619;854067
998857;998699;998328;997768;993489;924477
999299;999191;999048;998570;998146;993972
999582;999603;999468;999245;999019;998447
999582;999684;999746;999619;999468;999304
999582;999684;999746;999792;999753;999642
999582;999684;999746;999792;999829;999862
999582;999684;999746;999792;999829;999864
949251;931311;896907;842618;784910;639197
971038;958245;937934;907956;865280;809227
983040;977977;964155;944415;920029;883144
990330;987957;980175;968510;951443;937400
993373;993492;990639;985780;973196;963404
994522;995341;994705;992763;989376;983198
994850;995986;996165;995734;994722;993959
994858;996112;996593;996794;996848;996813
995759;996524;996820;997040;997200;997514
995424;996184;996431;996489;996491;996878
995438;996083;996447;996632;996966;997237
995828;996611;996961;997279;997760;998112
996103;996827;997282;997659;998036;998411
996265;996975;997412;997793;998191;998517
996380;997081;997469;997834;998180;998484
996380;997149;997599;997952;998318;998633
996514;996977;997151;997163;997197;997085
996551;996942;997056;997007;996644;995804
996644;997040;997258;997416;997392;997349
996780;997195;997445;997673;997713;997805
996763;997157;997396;997629;997814;997940
996950;997335;997585;997899;998057;998265
997007;997435;997706;998003;998193;998389
997007;997458;997792;998067;998272;998490
999573;999674;999742;999783;999817;999852
999576;999678;999741;999784;999818;999855
999579;999679;999743;999784;999825;999858
999582;999684;999743;999783;999823;999852
999582;999684;999746;999776;999801;999829
999582;999684;999746;999792;999816;999828
999582;999684;999746;999792;999829;999862
999582;999684;999746;999792;999829;999864
994244;995410;995726;995956;996036;996744
994017;995183;995487;995458;995132;995448
993943;995104;995475;995627;995864;996705
994324;995563;995983;996327;996819;997642
994540;995765;996230;996662;997130;997850
994719;995920;996385;996832;997357;997978
994817;995979;996409;996827;997317;997945
994858;996112;996575;997000;997490;998128
