101;95;121;142;137;221
152;147;174;202;207;238
147;151;173;192;187;200
79;80;104;95;90;66
38;51;56;46;47;35
21;18;40;41;40;44
0;14;20;31;32;39
0;0;8;11;16;21
40;45;47;55;58;126
54;50;50;56;64;133
59;54;62;56;65;66
42;50;57;49;56;43
37;44;48;40;36;46
17;36;36;31;45;55
0;17;36;44;52;48
0;0;11;30;39;52
6;6;7;9;8;9
3;5;5;5;5;7
1;4;4;4;5;4
0;3;2;3;2;4
0;0;0;1;2;3
0;0;0;0;1;8
0;0;0;0;0;1
0;0;0;0;0;0
184;176;194;222;234;206
216;205;223;290;359;291
182;192;182;237;234;128
145;131;128;142;134;74
114;117;102;117;93;67
68;78;91;97;88;84
41;56;72;80;90;86
0;0;43;41;50;53
7590;8765;11340;18707;31092;59648
5364;6300;8497;10765;16912;28304
3555;4300;5964;7862;9514;15077
2143;2868;4030;5388;6643;8381
1144;1538;2514;3522;4240;5549
556;739;1227;1918;2584;3397
0;370;572;927;1246;1899
0;0;244;383;531;878
5381;9372;40821;51621;53819;57142
3796;4703;8926;40384;51335;53201
2089;3123;4224;8260;38718;50265
1338;1692;2661;3676;6166;31053
903;1055;1437;2115;3054;3612
419;703;955;1123;1670;2329
0;253;550;720;929;1317
0;0;73;395;601;750
394;472;586;910;17441;26465
256;306;398;463;660;14119
117;170;231;350;386;556
0;40;103;193;239;324
0;0;0;65;129;175
0;0;0;0;36;86
0;0;0;0;0;1
0;0;0;0;0;0
9079;11677;16689;27971;49562;101948
6635;7759;10851;15324;24077;42792
4645;5404;7086;9863;13181;19336
3154;3558;4859;6412;8436;9519
2378;2224;3013;4066;5521;5750
1772;1724;1921;2486;3198;3651
633;1120;1409;1621;1915;2022
0;0;855;1142;1242;1222
94;87;94;121;94;68
131;112;135;159;141;91
108;127;133;142;130;121
79;77;89;92;62;61
43;40;45;40;45;32
20;27;34;35;32;35
0;10;22;20;17;34
0;0;5;14;5;13
34;39;30;45;50;45
43;47;51;47;49;54
42;48;54;56;54;62
35;41;36;38;45;40
25;29;37;36;31;34
10;21;32;28;36;43
0;13;18;29;35;40
0;0;4;27;32;39
5;6;3;6;8;8
2;3;3;5;7;4
3;4;3;5;3;4
0;0;1;5;2;5
0;0;0;2;3;2
0;0;0;0;6;8
0;0;0;0;0;0
0;0;0;0;0;0
166;158;168;183;176;100
172;175;197;236;258;133
175;160;163;197;166;104
107;100;103;110;116;54
83;87;95;85;80;63
59;65;67;82;77;71
22;47;52;67;69;79
0;0;24;36;46;38
