0	0	0	0	137	221
0	0	0	202	207	238
0	0	173	192	187	200
0	80	104	95	90	66
38	51	56	46	47	35
21	18	40	41	40	44
0	14	20	31	32	39
0	0	8	11	16	21
0	0	0	0	58	126
0	0	0	56	64	133
0	0	62	56	65	66
0	50	57	49	56	43
37	44	48	40	36	46
17	36	36	31	45	55
0	17	36	44	52	48
0	0	11	30	39	52
0	0	0	0	8	9
0	0	0	5	5	7
0	0	4	4	5	4
0	3	2	3	2	4
0	0	0	1	2	3
0	0	0	0	1	8
0	0	0	0	0	1
0	0	0	0	0	0
0	0	0	0	235	205
0	0	0	292	359	290
0	0	183	237	233	128
0	135	128	142	135	74
114	117	104	118	94	70
68	78	92	95	86	81
41	56	71	81	93	86
0	0	43	41	51	55
0	0	0	0	30179	59936
0	0	0	10410	16430	27599
0	0	5767	7761	9226	14602
0	2776	3860	5162	6496	8176
1101	1389	2476	3298	3979	5424
549	693	1122	1882	2403	3138
0	375	520	829	1222	1806
0	0	251	365	534	816
0	0	0	0	53683	57154
0	0	0	43824	51969	53251
0	0	3924	7194	42709	51597
0	1539	2516	3342	5523	34924
892	1009	1348	1982	2809	3361
468	693	848	1098	1570	2125
0	253	530	689	822	1195
0	0	73	401	536	653
0	0	0	0	17456	26467
0	0	0	502	654	14206
0	0	225	309	375	595
0	48	90	185	215	332
0	0	0	62	119	176
0	0	0	0	36	84
0	0	0	0	0	6
0	0	0	0	0	0
0	0	0	0	47345	101966
0	0	0	14788	23357	40527
0	0	6974	9725	12887	18826
0	3325	4348	6343	8365	9391
2314	2121	2822	3749	5306	5675
1821	1652	1829	2390	2938	3389
630	1261	1425	1571	1820	1886
0	0	930	1177	1197	1169
0	0	0	0	94	68
0	0	0	148	132	80
0	0	137	150	140	120
0	65	68	80	69	57
33	49	45	48	31	22
16	20	31	33	27	42
0	9	21	22	25	27
0	0	2	13	12	19
0	0	0	0	47	52
0	0	0	50	53	61
0	0	55	57	59	59
0	35	38	39	48	40
22	32	41	40	33	41
9	24	28	36	31	32
0	6	19	29	26	38
0	0	4	28	30	47
0	0	0	0	7	6
0	0	0	5	6	4
0	0	0	3	1	5
0	0	3	6	3	4
0	0	0	2	3	12
0	0	0	0	3	6
0	0	0	0	0	1
0	0	0	0	0	0
0	0	0	0	174	105
0	0	0	241	262	134
0	0	170	189	190	106
0	105	102	105	105	61
86	91	100	97	85	63
65	81	64	69	75	74
20	39	54	64	69	66
0	0	21	45	40	42
