4356;3595;3347;3246;3428;5718
4780;4047;3887;3978;4372;6664
4793;4170;3943;3837;3675;3607
4266;3560;3165;2805;2431;2030
3945;3249;2796;2400;2008;1643
3753;3023;2618;2220;1856;1521
3621;2950;2560;2221;1863;1541
3621;2852;2439;2051;1730;1398
3534;3108;2995;3173;3440;5624
3574;3157;3062;3272;3954;8530
3451;3013;2806;2719;2815;3016
3291;2874;2627;2423;2375;2393
3283;2928;2677;2434;2319;2240
3124;2741;2460;2184;1990;1821
2994;2630;2356;2053;1865;1663
2994;2543;2255;1954;1754;1563
431;328;265;223;185;153
428;326;262;216;182;148
423;323;260;214;180;144
419;320;262;218;181;150
419;317;255;226;210;183
419;317;255;209;184;186
419;317;255;209;172;138
419;317;255;209;172;137
5881;4688;4415;4375;4646;5702
6145;4949;4739;4991;6132;8407
6173;5085;4750;4684;4717;3927
5757;4575;4126;3817;3345;2526
5525;4309;3835;3433;2915;2203
5351;4122;3661;3219;2714;2064
5236;4047;3656;3248;2757;2103
5143;3889;3482;3040;2535;1927
75398;86447;113849;158883;215610;307527
52916;61040;81140;105616;142692;183848
34748;42065;55869;73187;93393;122541
18104;26804;37886;48984;62345;79674
7776;12796;22449;31855;40168;50931
3911;5123;9010;16252;24953;32397
3621;2901;3439;5965;11121;18587
3621;2852;2391;2426;3515;7755
27636;48885;168760;276451;316269;310414
17840;22830;45910;164715;267802;286544
8482;14248;20709;42143;151034;232528
4998;6454;11863;17966;34541;113053
3511;3907;5262;8988;15274;23226
3055;2812;3270;3997;6802;12256
2994;2576;2409;2573;3227;5127
2994;2543;2213;2009;2092;2586
1729;2047;2708;6973;80382;145934
1144;1302;1673;2233;6512;75524
702;810;953;1431;1855;6029
419;398;533;756;982;1554
419;317;255;382;533;697
419;317;255;209;248;359
419;317;255;209;172;139
419;317;255;209;172;137
50750;68690;103094;157383;215091;360804
28963;41756;62067;92045;134721;190774
16961;22024;35846;55586;79972;116857
9671;12044;19826;31491;48558;62601
6628;6509;9362;14221;26805;36597
5479;4660;5296;7238;10625;16803
5151;4015;3836;4267;5279;6042
5143;3889;3408;3207;3153;3188
4242;3477;3181;2961;2801;2487
4577;3817;3570;3512;3510;3123
4563;3918;3554;3369;3035;2764
4173;3390;3040;2722;2241;1889
3898;3174;2719;2342;1965;1590
3736;3026;2589;2208;1810;1484
3621;2920;2532;2167;1821;1517
3621;2852;2402;2049;1683;1368
3487;3024;2850;2838;2804;2916
3450;3059;2945;2994;3357;4197
3357;2961;2743;2585;2609;2652
3221;2806;2556;2328;2288;2196
3238;2844;2605;2372;2187;2061
3051;2666;2416;2102;1944;1736
2994;2566;2295;1998;1808;1612
2994;2543;2209;1934;1729;1511
428;327;259;218;184;149
425;323;260;217;183;146
422;322;258;217;176;143
419;317;258;218;178;149
419;317;255;225;200;172
419;317;255;209;185;173
419;317;255;209;172;139
419;317;255;209;172;137
5757;4591;4275;4045;3965;3257
5984;4818;4514;4543;4869;4553
6058;4897;4526;4374;4137;3296
5677;4438;4018;3674;3182;2359
5461;4236;3771;3339;2871;2151
5282;4081;3616;3169;2644;2023
5184;4022;3592;3174;2684;2056
5143;3889;3426;3001;2511;1873
