0	0	0	0	107184	107184
0	0	0	107184	107184	107184
0	0	107184	107184	107184	107184
0	107184	107184	107184	107184	107184
107184	107184	107184	107184	107184	107184
107184	107184	107184	107184	107184	107184
107184	107184	107184	107184	107184	107184
107184	107184	107184	107184	107184	107184
0	0	0	0	67170	67170
0	0	0	67170	67170	67170
0	0	67170	67170	67170	67170
0	67170	67170	67170	67170	67170
67170	67170	67170	67170	67170	67170
67170	67170	67170	67170	67170	67170
67170	67170	67170	67170	67170	67170
67170	67170	67170	67170	67170	67170
0	0	0	0	122419	122419
0	0	0	122419	122419	122419
0	0	122419	122419	122419	122419
0	122419	122419	122419	122419	122419
122419	122419	122419	122419	122419	122419
122419	122419	122419	122419	122419	122419
122419	122419	122419	122419	122419	122419
122419	122419	122419	122419	122419	122419
0	0	0	0	160983	160983
0	0	0	160983	160983	160983
0	0	160983	160983	160983	160983
0	160983	160983	160983	160983	160983
160983	160983	160983	160983	160983	160983
160983	160983	160983	160983	160983	160983
160983	160983	160983	160983	160983	160983
160983	160983	160983	160983	160983	160983
0	0	0	0	107184	107184
0	0	0	107184	107184	107184
0	0	107184	107184	107184	107184
0	107184	107184	107184	107184	107184
107184	107184	107184	107184	107184	107184
107184	107184	107184	107184	107184	107184
107184	107184	107184	107184	107184	107184
107184	107184	107184	107184	107184	107184
0	0	0	0	67170	67170
0	0	0	67170	67170	67170
0	0	67170	67170	67170	67170
0	67170	67170	67170	67170	67170
67170	67170	67170	67170	67170	67170
67170	67170	67170	67170	67170	67170
67170	67170	67170	67170	67170	67170
67170	67170	67170	67170	67170	67170
0	0	0	0	122419	122419
0	0	0	122419	122419	122419
0	0	122419	122419	122419	122419
0	122419	122419	122419	122419	122419
122419	122419	122419	122419	122419	122419
122419	122419	122419	122419	122419	122419
122419	122419	122419	122419	122419	122419
122419	122419	122419	122419	122419	122419
0	0	0	0	160983	160983
0	0	0	160983	160983	160983
0	0	160983	160983	160983	160983
0	160983	160983	160983	160983	160983
160983	160983	160983	160983	160983	160983
160983	160983	160983	160983	160983	160983
160983	160983	160983	160983	160983	160983
160983	160983	160983	160983	160983	160983
0	0	0	0	107184	107184
0	0	0	107184	107184	107184
0	0	107184	107184	107184	107184
0	107184	107184	107184	107184	107184
107184	107184	107184	107184	107184	107184
107184	107184	107184	107184	107184	107184
107184	107184	107184	107184	107184	107184
107184	107184	107184	107184	107184	107184
0	0	0	0	67170	67170
0	0	0	67170	67170	67170
0	0	67170	67170	67170	67170
0	67170	67170	67170	67170	67170
67170	67170	67170	67170	67170	67170
67170	67170	67170	67170	67170	67170
67170	67170	67170	67170	67170	67170
67170	67170	67170	67170	67170	67170
0	0	0	0	122419	122419
0	0	0	122419	122419	122419
0	0	122419	122419	122419	122419
0	122419	122419	122419	122419	122419
122419	122419	122419	122419	122419	122419
122419	122419	122419	122419	122419	122419
122419	122419	122419	122419	122419	122419
122419	122419	122419	122419	122419	122419
0	0	0	0	160983	160983
0	0	0	160983	160983	160983
0	0	160983	160983	160983	160983
0	160983	160983	160983	160983	160983
160983	160983	160983	160983	160983	160983
160983	160983	160983	160983	160983	160983
160983	160983	160983	160983	160983	160983
160983	160983	160983	160983	160983	160983
