0	0	0	0	892817	892817
0	0	0	892817	892817	892817
0	0	892817	892817	892817	892817
0	892817	892817	892817	892817	892817
892817	892817	892817	892817	892817	892817
892817	892817	892817	892817	892817	892817
892817	892817	892817	892817	892817	892817
892817	892817	892817	892817	892817	892817
0	0	0	0	932831	932831
0	0	0	932831	932831	932831
0	0	932831	932831	932831	932831
0	932831	932831	932831	932831	932831
932831	932831	932831	932831	932831	932831
932831	932831	932831	932831	932831	932831
932831	932831	932831	932831	932831	932831
932831	932831	932831	932831	932831	932831
0	0	0	0	877582	877582
0	0	0	877582	877582	877582
0	0	877582	877582	877582	877582
0	877582	877582	877582	877582	877582
877582	877582	877582	877582	877582	877582
877582	877582	877582	877582	877582	877582
877582	877582	877582	877582	877582	877582
877582	877582	877582	877582	877582	877582
0	0	0	0	839018	839018
0	0	0	839018	839018	839018
0	0	839018	839018	839018	839018
0	839018	839018	839018	839018	839018
839018	839018	839018	839018	839018	839018
839018	839018	839018	839018	839018	839018
839018	839018	839018	839018	839018	839018
839018	839018	839018	839018	839018	839018
0	0	0	0	892817	892817
0	0	0	892817	892817	892817
0	0	892817	892817	892817	892817
0	892817	892817	892817	892817	892817
892817	892817	892817	892817	892817	892817
892817	892817	892817	892817	892817	892817
892817	892817	892817	892817	892817	892817
892817	892817	892817	892817	892817	892817
0	0	0	0	932831	932831
0	0	0	932831	932831	932831
0	0	932831	932831	932831	932831
0	932831	932831	932831	932831	932831
932831	932831	932831	932831	932831	932831
932831	932831	932831	932831	932831	932831
932831	932831	932831	932831	932831	932831
932831	932831	932831	932831	932831	932831
0	0	0	0	877582	877582
0	0	0	877582	877582	877582
0	0	877582	877582	877582	877582
0	877582	877582	877582	877582	877582
877582	877582	877582	877582	877582	877582
877582	877582	877582	877582	877582	877582
877582	877582	877582	877582	877582	877582
877582	877582	877582	877582	877582	877582
0	0	0	0	839018	839018
0	0	0	839018	839018	839018
0	0	839018	839018	839018	839018
0	839018	839018	839018	839018	839018
839018	839018	839018	839018	839018	839018
839018	839018	839018	839018	839018	839018
839018	839018	839018	839018	839018	839018
839018	839018	839018	839018	839018	839018
0	0	0	0	892817	892817
0	0	0	892817	892817	892817
0	0	892817	892817	892817	892817
0	892817	892817	892817	892817	892817
892817	892817	892817	892817	892817	892817
892817	892817	892817	892817	892817	892817
892817	892817	892817	892817	892817	892817
892817	892817	892817	892817	892817	892817
0	0	0	0	932831	932831
0	0	0	932831	932831	932831
0	0	932831	932831	932831	932831
0	932831	932831	932831	932831	932831
932831	932831	932831	932831	932831	932831
932831	932831	932831	932831	932831	932831
932831	932831	932831	932831	932831	932831
932831	932831	932831	932831	932831	932831
0	0	0	0	877582	877582
0	0	0	877582	877582	877582
0	0	877582	877582	877582	877582
0	877582	877582	877582	877582	877582
877582	877582	877582	877582	877582	877582
877582	877582	877582	877582	877582	877582
877582	877582	877582	877582	877582	877582
877582	877582	877582	877582	877582	877582
0	0	0	0	839018	839018
0	0	0	839018	839018	839018
0	0	839018	839018	839018	839018
0	839018	839018	839018	839018	839018
839018	839018	839018	839018	839018	839018
839018	839018	839018	839018	839018	839018
839018	839018	839018	839018	839018	839018
839018	839018	839018	839018	839018	839018
