995645	996406	996654	996755	996573	994283
995221	995954	996114	996023	995629	993337
995208	995831	996058	996164	996326	996394
995735	996441	996836	997196	997570	997971
996056	996752	997205	997601	997993	998358
996248	996978	997383	997781	998145	998480
996380	997051	997441	997780	998138	998460
996380	997149	997562	997950	998271	998603
996467	996893	997006	996828	996561	994377
996427	996844	996939	996729	996047	991471
996550	996988	997195	997282	997186	996985
996710	997127	997374	997578	997626	997608
996718	997073	997324	997567	997682	997761
996877	997260	997541	997817	998011	998180
997007	997371	997645	997948	998136	998338
997007	997458	997746	998047	998247	998438
999570	999673	999736	999778	999816	999848
999573	999675	999739	999785	999819	999853
999578	999678	999741	999787	999821	999857
999582	999681	999739	999783	999820	999851
999582	999684	999746	999775	999791	999818
999582	999684	999746	999792	999817	999815
999582	999684	999746	999792	999829	999863
999582	999684	999746	999792	999829	999864
994120	995313	995586	995626	995355	994299
993856	995052	995262	995010	993869	991594
993828	994916	995251	995317	995284	996074
994244	995426	995875	996184	996656	997475
994476	995692	996166	996568	997086	997798
994650	995879	996340	996782	997287	997937
994765	995954	996345	996753	997244	997898
994858	996112	996519	996961	997466	998074
924603	913554	886152	841118	784391	692474
947085	938961	918861	894385	857309	816153
965253	957936	944132	926814	906608	877460
981897	973197	962115	951017	937656	920327
992225	987205	977552	968146	959833	949070
996090	994878	990991	983749	975048	967604
996380	997100	996562	994036	988880	981414
996380	997149	997610	997575	996486	992246
972365	951116	831241	723550	683732	689587
982161	977171	954091	835286	732199	713457
991519	985753	979292	957858	848967	767473
995003	993547	988138	982035	965460	886948
996490	996094	994739	991013	984727	976775
996946	997189	996731	996004	993199	987745
997007	997425	997592	997428	996774	994874
997007	997458	997788	997992	997909	997415
998272	997954	997293	993028	919619	854067
998857	998699	998328	997768	993489	924477
999299	999191	999048	998570	998146	993972
999582	999603	999468	999245	999019	998447
999582	999684	999746	999619	999468	999304
999582	999684	999746	999792	999753	999642
999582	999684	999746	999792	999829	999862
999582	999684	999746	999792	999829	999864
949251	931311	896907	842618	784910	639197
971038	958245	937934	907956	865280	809227
983040	977977	964155	944415	920029	883144
990330	987957	980175	968510	951443	937400
993373	993492	990639	985780	973196	963404
994522	995341	994705	992763	989376	983198
994850	995986	996165	995734	994722	993959
994858	996112	996593	996794	996848	996813
995796	996535	996821	997060	997210	997540
995431	996189	996447	996524	996623	996893
995459	996046	996426	996631	996922	997268
995872	996571	996956	997344	997752	998146
996107	996828	997268	997675	998048	998423
996277	996989	997428	997815	998193	998518
996380	997075	997470	997813	998184	998499
996380	997149	997606	997958	998315	998640
996514	996958	997146	997114	997159	997057
996517	996945	997065	997018	996727	995804
996642	997048	997259	997379	997421	997410
996796	997184	997446	997655	997729	997819
996782	997151	997384	997615	997794	997892
996941	997314	997570	997889	998038	998276
997007	997437	997698	997954	998186	998382
997007	997458	997793	998078	998265	998472
999574	999676	999737	999784	999819	999855
999577	999677	999737	999785	999820	999853
999579	999682	999744	999785	999825	999857
999582	999683	999743	999785	999823	999855
999582	999684	999746	999775	999797	999830
999582	999684	999746	999792	999811	999829
999582	999684	999746	999792	999829	999863
999582	999684	999746	999792	999829	999864
994208	995426	995765	995929	996113	996734
994002	995212	995515	995457	994983	995586
993969	995071	995457	995697	995876	996633
994352	995528	995970	996353	996831	997615
994535	995756	996217	996655	997147	997833
994724	995904	996413	996857	997356	997984
994820	995985	996393	996796	997324	997970
994858	996112	996568	996994	997486	998123
