101	95	121	142	137	221
152	147	174	202	207	238
147	151	173	192	187	200
79	80	104	95	90	66
38	51	56	46	47	35
21	18	40	41	40	44
0	14	20	31	32	39
0	0	8	11	16	21
40	45	47	55	58	126
54	50	50	56	64	133
59	54	62	56	65	66
42	50	57	49	56	43
37	44	48	40	36	46
17	36	36	31	45	55
0	17	36	44	52	48
0	0	11	30	39	52
6	6	7	9	8	9
3	5	5	5	5	7
1	4	4	4	5	4
0	3	2	3	2	4
0	0	0	1	2	3
0	0	0	0	1	8
0	0	0	0	0	1
0	0	0	0	0	0
184	176	194	222	234	206
216	205	223	290	359	291
182	192	182	237	234	128
145	131	128	142	134	74
114	117	102	117	93	67
68	78	91	97	88	84
41	56	72	80	90	86
0	0	43	41	50	53
7590	8765	11340	18707	31092	59648
5364	6300	8497	10765	16912	28304
3555	4300	5964	7862	9514	15077
2143	2868	4030	5388	6643	8381
1144	1538	2514	3522	4240	5549
556	739	1227	1918	2584	3397
0	370	572	927	1246	1899
0	0	244	383	531	878
5381	9372	40821	51621	53819	57142
3796	4703	8926	40384	51335	53201
2089	3123	4224	8260	38718	50265
1338	1692	2661	3676	6166	31053
903	1055	1437	2115	3054	3612
419	703	955	1123	1670	2329
0	253	550	720	929	1317
0	0	73	395	601	750
394	472	586	910	17441	26465
256	306	398	463	660	14119
117	170	231	350	386	556
0	40	103	193	239	324
0	0	0	65	129	175
0	0	0	0	36	86
0	0	0	0	0	1
0	0	0	0	0	0
9079	11677	16689	27971	49562	101948
6635	7759	10851	15324	24077	42792
4645	5404	7086	9863	13181	19336
3154	3558	4859	6412	8436	9519
2378	2224	3013	4066	5521	5750
1772	1724	1921	2486	3198	3651
633	1120	1409	1621	1915	2022
0	0	855	1142	1242	1222
86	82	92	119	95	65
119	117	127	152	147	86
114	129	134	148	133	126
57	67	80	69	59	50
34	33	35	41	35	27
13	24	26	28	34	34
0	12	12	35	35	37
0	0	3	12	11	10
39	40	44	38	52	49
52	47	48	49	55	60
49	50	54	59	59	52
25	36	38	46	45	43
25	32	35	41	34	36
13	25	28	30	42	47
0	8	22	34	36	34
0	0	0	26	36	43
5	3	6	6	5	4
3	4	7	5	5	6
2	1	1	5	2	3
0	0	2	2	2	4
0	0	0	2	0	3
0	0	0	0	5	4
0	0	0	0	0	0
0	0	0	0	0	0
155	152	166	189	183	97
168	167	177	224	271	119
155	163	174	183	173	98
108	107	107	103	87	53
75	93	86	107	88	63
56	65	65	69	83	69
25	47	62	68	72	76
0	0	22	41	49	34
