892816	892816	892816	892816	892816	892816
892816	892816	892816	892816	892816	892816
892816	892816	892816	892816	892816	892816
892816	892816	892816	892816	892816	892816
892816	892816	892816	892816	892816	892816
892816	892816	892816	892816	892816	892816
892816	892816	892816	892816	892816	892816
892816	892816	892816	892816	892816	892816
932830	932830	932830	932830	932830	932830
932830	932830	932830	932830	932830	932830
932830	932830	932830	932830	932830	932830
932830	932830	932830	932830	932830	932830
932830	932830	932830	932830	932830	932830
932830	932830	932830	932830	932830	932830
932830	932830	932830	932830	932830	932830
932830	932830	932830	932830	932830	932830
877581	877581	877581	877581	877581	877581
877581	877581	877581	877581	877581	877581
877581	877581	877581	877581	877581	877581
877581	877581	877581	877581	877581	877581
877581	877581	877581	877581	877581	877581
877581	877581	877581	877581	877581	877581
877581	877581	877581	877581	877581	877581
877581	877581	877581	877581	877581	877581
839018	839018	839018	839018	839018	839018
839018	839018	839018	839018	839018	839018
839018	839018	839018	839018	839018	839018
839018	839018	839018	839018	839018	839018
839018	839018	839018	839018	839018	839018
839018	839018	839018	839018	839018	839018
839018	839018	839018	839018	839018	839018
839018	839018	839018	839018	839018	839018
892816	892816	892816	892816	892816	892816
892816	892816	892816	892816	892816	892816
892816	892816	892816	892816	892816	892816
892816	892816	892816	892816	892816	892816
892816	892816	892816	892816	892816	892816
892816	892816	892816	892816	892816	892816
892816	892816	892816	892816	892816	892816
892816	892816	892816	892816	892816	892816
932830	932830	932830	932830	932830	932830
932830	932830	932830	932830	932830	932830
932830	932830	932830	932830	932830	932830
932830	932830	932830	932830	932830	932830
932830	932830	932830	932830	932830	932830
932830	932830	932830	932830	932830	932830
932830	932830	932830	932830	932830	932830
932830	932830	932830	932830	932830	932830
877581	877581	877581	877581	877581	877581
877581	877581	877581	877581	877581	877581
877581	877581	877581	877581	877581	877581
877581	877581	877581	877581	877581	877581
877581	877581	877581	877581	877581	877581
877581	877581	877581	877581	877581	877581
877581	877581	877581	877581	877581	877581
877581	877581	877581	877581	877581	877581
839018	839018	839018	839018	839018	839018
839018	839018	839018	839018	839018	839018
839018	839018	839018	839018	839018	839018
839018	839018	839018	839018	839018	839018
839018	839018	839018	839018	839018	839018
839018	839018	839018	839018	839018	839018
839018	839018	839018	839018	839018	839018
839018	839018	839018	839018	839018	839018
892816	892816	892816	892816	892816	892816
892816	892816	892816	892816	892816	892816
892816	892816	892816	892816	892816	892816
892816	892816	892816	892816	892816	892816
892816	892816	892816	892816	892816	892816
892816	892816	892816	892816	892816	892816
892816	892816	892816	892816	892816	892816
892816	892816	892816	892816	892816	892816
932830	932830	932830	932830	932830	932830
932830	932830	932830	932830	932830	932830
932830	932830	932830	932830	932830	932830
932830	932830	932830	932830	932830	932830
932830	932830	932830	932830	932830	932830
932830	932830	932830	932830	932830	932830
932830	932830	932830	932830	932830	932830
932830	932830	932830	932830	932830	932830
877581	877581	877581	877581	877581	877581
877581	877581	877581	877581	877581	877581
877581	877581	877581	877581	877581	877581
877581	877581	877581	877581	877581	877581
877581	877581	877581	877581	877581	877581
877581	877581	877581	877581	877581	877581
877581	877581	877581	877581	877581	877581
877581	877581	877581	877581	877581	877581
839018	839018	839018	839018	839018	839018
839018	839018	839018	839018	839018	839018
839018	839018	839018	839018	839018	839018
839018	839018	839018	839018	839018	839018
839018	839018	839018	839018	839018	839018
839018	839018	839018	839018	839018	839018
839018	839018	839018	839018	839018	839018
839018	839018	839018	839018	839018	839018
